0.8 0.6498978137969971
0.8 0.6652975082397461
0.8 0.6669232845306396
0.8 0.6652398109436035
0.8 0.6658327579498291
0.8 0.8838109970092773
1.0 0.6815900802612305
0.8 0.6952409744262695
0.8 0.6472783088684082
0.8 0.6452491283416748
0.8 0.6469507217407227
0.8 0.707228422164917
1.0 0.6449911594390869
0.8 0.6859197616577148
0.8 0.6611907482147217
1.0 0.6697866916656494
0.8 0.6410892009735107
0.8 0.6974523067474365
1.0 0.6585967540740967
1.0 0.6407666206359863
1.0 0.663771390914917
1.0 0.6664779186248779
1.0 0.6965272426605225
1.0 0.6552436351776123
1.0 0.7665143013000488
1.0 0.6505923271179199
0.8 0.6541075706481934
1.0 0.6492316722869873
1.0 0.6658422946929932
0.6 0.6605300903320312
1.0 0.6509931087493896
0.8 0.6300742626190186
1.0 0.6488814353942871
1.0 0.6677894592285156
1.0 0.6878561973571777
1.0 0.6577317714691162
1.0 0.7651045322418213
1.0 0.7807576656341553
1.0 0.7761349678039551
1.0 0.8113911151885986
1.0 0.7374720573425293
1.0 0.6557760238647461
1.0 0.6576614379882812
0.8 0.6609690189361572
0.8 0.6906931400299072
0.6 0.6855275630950928
0.4 0.6858854293823242
1.0 0.6688761711120605
1.0 0.6561594009399414
1.0 0.6611802577972412
1.0 0.6937689781188965
1.0 0.6750476360321045
1.0 0.6599915027618408
0.8 0.6353600025177002
0.8 0.6498212814331055
0.8 0.665231466293335
0.8 0.6598629951477051
0.8 0.7900941371917725
0.8 0.8043868541717529
0.8 0.8255398273468018
0.8 0.879894495010376
0.8 0.8391647338867188
1.0 0.6640667915344238
1.0 0.6522417068481445
1.0 0.6721603870391846
1.0 0.6819584369659424
1.0 0.671630859375
1.0 0.6713221073150635
1.0 0.6768176555633545
0.6 0.6908793449401855
0.4 0.6712398529052734
0.6 0.917382001876831
0.8 0.7066805362701416
1.0 0.7639105319976807
1.0 0.6663215160369873
0.8 0.6896498203277588
0.8 0.6968841552734375
0.8 0.6622958183288574
0.8 0.6586778163909912
1.0 0.7688889503479004
1.0 0.803950309753418
1.0 0.9418089389801025
1.0 0.7786524295806885
1.0 0.6744756698608398
1.0 0.811009407043457
1.0 0.8258779048919678
