1.08
1.248
1.344
1.152
1.248
1.344
1.08
1.248
1.344
1.056
1.344
1.248
1.008
1.272
1.344
1.056
1.248
1.32
1.056
1.248
1.248
1.68
1.848
1.896
1.68
1.824
1.896
1.824
1.848
1.896
1.656
1.848
1.872
1.848
1.848
1.896
1.68
1.848
1.944
1.248
1.272
0.816
1.2
1.248
1.344
1.08
1.248
1.344
1.008
1.248
1.32
1.056
1.272
1.344
1.056
1.248
1.344
1.056
1.248
1.344
1.056
1.248
1.224
1.056
1.248
1.344
1.056
1.248
0.816
1.08
1.104
1.272
1.248
1.248
1.056
1.104
1.344
0.984
1.248
1.344
1.32
1.248
1.344
0.984
1.296
1.344
1.104
1.248
1.32
0.816
1.248
1.248
1.272
1.104
1.056
