h3 -40 250 -33.17360170425908 226.28200407951107 46.599713692094575 562.5433304843295 24.680823409611442 54.82992849042339 113.94758162959928
h26 30 180 35.343726373487904 152.36409833354335 28.555411554710187 763.7430609180612 28.147796938175667 58.38855374243951 114.87103862147178
h8 90 240 113.27492006363407 221.96301860194052 541.7219039685558 325.33269795394375 29.445790903327755 77.11026099420363 111.50077573714718
h17 150 180 178.6965843939012 149.55757879441785 823.4939558762934 926.7410088580777 41.83580959817046 90.93782486454134 121.75140380859375
h42 95 215 113.04473876953125 187.16657084803427 325.61259726062417 774.6997783574958 33.17095680890318 118.61448226436491 138.429683562248
h40 -65 185 -103.00125614289315 149.17197935042844 1444.0954684377748 1283.6470636661259 52.22779463182321 103.71383174773185 114.57388354885963
h47 155 155 182.8654529202369 113.85694442256803 776.4834664499386 1692.7510222476556 49.691392501092125 115.32437232232863 115.05281509891634
h23 -90 150 -115.01985611454134 120.24636545488912 625.9931999923517 885.2787686440158 38.87508159009274 67.04719789566532 120.0251917685232
h25 165 155 152.39537392893143 115.89111328125 158.87659839146139 1529.5050203800201 41.08992113367317 111.84273996660787 119.64247180569556
h48 155 215 192.259029265373 180.2126976751512 1388.2352617979207 1210.1564030404313 50.97442167242657 117.55241147933468 109.88017420614919
h24 -60 180 -79.03229251984628 151.69688563193043 362.22815856099663 801.0662829320263 34.107102508026436 62.28920229019658 117.29686121786794
h16 150 240 187.11273193359375 219.02225617439518 1377.3548715747893 440.0657360127011 42.63121635125475 97.42705314390122 110.92964910691785
h29 30 270 38.94062657510081 255.90584047379033 79.9348035553988 198.64533275024667 16.6907200655228 61.350845829133064 109.21987225932459
h36 125 185 156.95006339780744 152.27904288999494 1020.8065511239147 1070.6610341947908 45.732565916627784 114.04759560861895 118.98928734564012
h11 -60 150 -76.27302600491431 123.19606165732105 264.81137535661753 718.4511106781346 31.357016535932626 57.044500535534276 120.10865242250505
h27 30 210 35.28256324029738 188.6811779391381 27.905474387741133 454.4921740626916 21.963552728336843 59.79297268775201 113.43436948714718
h10 -90 270 -111.91590832125756 262.0196139427924 480.3070375457664 63.68656162207385 23.323670362270175 71.36125133883569 107.35012915826613
h45 -125 125 -168.0264085338962 89.64231675670993 1851.2718313257346 1250.1657643328354 55.690552122048224 111.73591859879032 120.34791515719508
h43 65 245 84.28451045866935 214.38682310042844 371.89234363052736 937.1665998844616 36.180919605711914 103.46947454637098 114.40673335905997
h12 0 150 -0.5161802230342741 122.21275575699343 0.26644202265171296 772.1309426205017 27.79203815201673 50.068004977318544 119.00175033077116
h14 120 240 147.11735879221268 222.18283376386088 735.3511478655946 317.4514126862157 32.44691912265031 79.51189594884072 110.43079007056451
h41 -35 185 -64.00887273973035 183.53870514900456 841.5146976298706 2.1353826415457955 29.04565510143327 98.63168039629537 114.8743168000252
h39 -65 245 -99.34966056577622 209.13123838363157 1179.8991809840418 1286.5680598918652 49.66354035785112 103.20485761088709 121.04130898752518
h38 -65 185 -99.4421878937752 145.09515085527974 1186.2643069101148 1592.3969852628811 52.713008756596274 101.39872889364919 116.68012065272178
h28 30 240 36.10647878339214 221.94290653351814 37.28908313201837 326.0586244572618 19.061681656907403 63.492057554183475 111.05046918315271
h34 95 215 129.1087882749496 184.83160695722026 1163.4094375853394 910.1319387836411 45.53615460674057 110.37727602066532 115.67389703566027
h1 60 200 81.25399681829637 156.02842269405244 451.7323807521523 1933.4996107729228 48.838836918226 67.25776918472782 114.4700671780494
h4 120 200 147.56044449344756 156.4818154611895 759.578100676404 1893.832385553964 51.51126562442791 83.17111107610887 118.89924080141128
h2 -60 200 -70.887451171875 157.82309255292338 118.53659301996231 1778.891521799267 43.55947789883654 60.05931731193297 120.1725621377268
h13 60 180 70.3148921843498 153.89527351625506 106.39700077476063 681.4567447911345 28.06873252510514 62.19271752142137 111.16279848160282
h30 60 270 75.24878717237902 256.2405986170615 232.5255102285111 189.32112641681007 20.538905439319816 69.16549190398185 108.89577557963709
h20 -60 300 -77.52261746314264 296.93301293157765 307.0421227596313 9.406409677869918 17.789000321476788 64.23794654107863 98.206787109375
h44 95 185 110.8826175812752 154.3928921607233 252.25754123303204 936.7950502851128 34.48264188716034 119.72256568170363 135.9703113186744
h50 95 215 116.02873771421372 178.77340009135585 442.2078098531944 1312.3665409409762 41.887639594445645 106.26372306577622 112.61683310231855
h32 65 215 87.95884655367944 183.11889156218498 527.1086350753981 1016.4050752237198 39.287577047956496 105.27731618573588 115.01253189579134
h37 125 215 155.6687976467994 184.3082501811366 940.5751491003278 941.9835069437015 43.388462245671136 116.25572942918348 116.81990100491431
h5 60 240 80.91578329763105 224.93408203125 437.46999095346206 226.98188424110413 25.776964041456978 69.66477917086694 109.65719899823588
h49 155 245 197.10482689642137 216.47230579007055 1772.8164479776085 813.8293369352423 50.85907770411149 118.83403162802419 109.23931983209425
h9 90 180 110.56058822139616 152.32978082472277 422.7377880098145 765.6410292078795 34.472870742334386 74.72185688634072 114.97753512474799
h33 95 185 123.01043110509072 152.103025374874 784.5842506930336 1082.2109394861843 43.206425334424715 108.76157699092741 119.32829826108872
h7 60 210 77.98718852381553 188.33841631489415 323.5389509912812 469.22420774684406 28.156050126715666 70.42496219758065 113.91766455865675
h25 -30 180 -43.007458102318544 152.49343872070312 169.19396628357234 756.6109134117141 30.4270419149691 51.72280588457661 117.02843450730848
h15 120 150 138.21742888419857 120.78866774036038 331.8747151508323 853.3019323830623 34.42639463455176 78.70646815146169 119.32832779422884
h18 120 180 140.6800497731855 151.40433034589213 427.66445862142916 817.7123229668655 35.28989631025139 78.65886072958669 116.76558956023185
h6 -30 240 -30.994882891255042 225.0569103610131 0.9897919673119914 223.29592795879736 14.976171738001316 53.85904127551663 111.37940929782006
h31 45 245 53.59535463394658 220.63334803427418 73.8801212833069 593.7337280188101 25.838224577205708 102.18295189642137 110.65642326108872
h46 -185 125 -232.51207536266696 80.18095447171119 2257.397305267745 2008.7468420668254 65.31572664630296 115.1900629843435 123.79087386592742
h21 -60 240 -77.12195611769152 223.63909813665575 293.1613812961542 267.6791097819815 23.682071089288954 60.35667173324092 112.69666118006553
h35 125 155 151.84298607610887 115.19436743951613 720.5459014821748 1584.4883835402538 48.01077259347561 111.81754819808468 120.18752805648313
h22 -60 180 -79.6205040716356 151.6743666125882 384.9641800250689 802.3415067980588 34.45730237298225 61.02967293031754 120.43923900973414
h19 90 270 118.57998755670363 258.27637703188003 816.8156887413343 137.44333549863006 30.891083248082516 75.59237572454637 109.48655651461694
